6.284917027286324398e+00
8.826623900044292981e+00
9.850875345196005384e+00
9.642097816032228152e+00
9.124029851541887837e+00
1.037922321874604492e+01
1.184761898557343862e+01
1.047271558078302434e+01
1.095228238638090090e+01
8.199310461497093527e+00
9.664455290232700335e+00
8.312456809729530605e+00
9.192695346437421478e+00
9.796623139546898784e+00
7.153425028378586958e+00
1.080967198889909220e+01
8.488933863197184237e+00
8.790715564034664808e+00
8.817507952136466542e+00
1.186219711077649919e+01
1.056505568560035613e+01
9.344110123765604570e+00
8.072787495670587177e+00
8.813946402922821832e+00
8.616681649277907695e+00
1.042518121013957888e+01
1.025600427780005042e+01
1.148525238548572069e+01
9.924471567771012914e+00
8.979107780566842223e+00
1.259378149448704676e+01
1.076072433816620588e+01
8.342009598025480699e+00
8.183535736418765083e+00
1.174157656624642954e+01
1.096586436544436260e+01
6.749583502421280023e+00
1.165387176419489634e+01
7.372156002941604669e+00
3.291283539064964181e+00
7.367586843259950946e+00
8.695850872860821923e+00
1.100927096458432075e+01
1.040381350006235017e+01
1.140525450201992363e+01
1.108993402194638378e+01
1.429899940922717327e+01
1.072843521663837940e+01
7.996759819393673752e+00
1.091491092403738250e+01
1.166362965373801863e+01
5.279228666215928456e+00
1.175370741832308497e+01
6.387028574617616528e+00
1.372673920685819482e+01
9.131263864502782823e+00
1.149118570704022879e+01
6.637118360738997858e+00
1.091266875207215570e+01
9.186933262475635686e+00
9.730644909911198681e+00
1.270507753139733431e+01
9.904836674591177115e+00
8.044042496700161138e+00
1.197062174482878660e+01
7.503771024398178113e+00
1.116771444808463087e+01
1.259354510601123422e+01
8.010246223722099046e+00
1.261821222977968304e+01
8.886242221460124213e+00
1.073920388538529025e+01
6.570939755725602183e+00
1.459819466804589894e+01
8.666579844191582893e+00
1.159414041143985408e+01
1.130898528012562743e+01
1.006734679343264460e+01
8.500895254840026283e+00
9.889022924822143068e+00
8.129923120319384466e+00
6.789598946817609004e+00
6.428913751909265173e+00
9.503345531423402548e+00
7.932709295923482173e+00
6.901087499248719226e+00
1.219478735040573980e+01
7.739927254499367137e+00
9.328625353988080349e+00
1.200816182922664233e+01
9.760560708197965951e+00
9.685806458712054479e+00
1.008617403729570938e+01
8.908299283949922653e+00
9.933194480717965291e+00
7.485711691780954524e+00
8.428761215305655696e+00
1.012113885309083905e+01
9.269830531026778786e+00
9.622228717413472410e+00
1.018705511002579556e+01
7.739126292937855034e+00
1.012298821873660870e+01
1.426351185660988463e+01
9.471921100297247875e+00
7.529666657164400867e+00
1.197387208462885511e+01
1.080747034402382845e+01
6.719212210829214271e+00
1.033898986072174431e+01
1.043615782973168571e+01
7.954329593025177836e+00
1.190794574350250556e+01
8.160587553286426044e+00
1.139582264331632544e+01
7.392235962022168039e+00
1.263507780377332779e+01
9.575332139293783129e+00
1.201446827781927773e+01
8.292407069619562421e+00
1.062150480879486558e+01
1.043050334688641634e+01
5.533513263454360676e+00
9.125669886747893145e+00
9.262332566540495193e+00
1.164290494857368685e+01
1.004904479055774580e+01
9.452044315444450007e+00
7.890821559934702911e+00
1.180164438357744139e+01
1.019324115379146001e+01
1.314558978373219134e+01
7.638273194692449586e+00
1.001681384329475577e+01
7.250233601913180337e+00
1.059654444852876587e+01
1.030199887143828086e+01
1.087054146269765376e+01
7.034896824421485562e+00
1.008498104022255504e+01
1.002606065831164450e+01
1.010915251540824933e+01
1.079509005769361707e+01
5.651308997337618045e+00
8.100285797379042307e+00
1.126804210005937890e+01
1.092497885580704242e+01
9.821718316621685929e+00
1.340754502843823737e+01
8.124365761594246393e+00
9.545471947354092990e+00
9.123215843089605315e+00
1.027813667441721712e+01
7.369530903062889493e+00
8.597535098518187979e+00
7.946292077552854494e+00
9.295937306868074401e+00
9.636198946155410283e+00
7.056457260705107259e+00
1.075577595917719620e+01
9.511727455399448417e+00
1.111671015934343387e+01
7.455468227766012035e+00
7.895228962992979049e+00
9.105070631669395453e+00
7.031284941147066370e+00
7.802097754680524133e+00
8.397740702807295676e+00
1.003182865103295107e+01
9.904090053363171720e+00
8.399660973053974189e+00
1.201225531455773421e+01
7.281401106677631851e+00
7.070509613548985328e+00
1.015909860178745561e+01
1.005540324895551585e+01
1.246379517060385389e+01
1.194233773111744412e+01
9.976353225253541623e+00
7.117771318243196532e+00
9.292043214653256555e+00
9.973642402822372688e+00
1.169796947340287652e+01
1.328660347325656410e+01
9.131949665812612693e+00
5.292240592558544066e+00
8.465862791253517372e+00
1.391862142806957614e+01
1.017957102365141786e+01
1.209054285106338966e+01
9.074590201114315136e+00
8.959553016995963404e+00
1.092573926473950863e+01
7.874365797931757172e+00
5.585357606260891394e+00
8.664254555209531361e+00
6.837651937676541891e+00
1.079613798811296732e+01
7.899425570547172981e+00
1.218540048712560697e+01
9.238294746304678284e+00
8.561017087780928847e+00
1.306803913746618484e+01
6.692720878250712602e+00
8.890563717322933712e+00
1.205525829291755358e+01
8.245027210429297426e+00
1.364041909856245383e+01
1.021242384547193360e+01
1.281016676019795142e+01
9.399102106223153896e+00
7.173662779678355861e+00
1.470461658399326765e+01
8.393286493619505961e+00
1.073599549783410012e+01
5.690049538094912762e+00
1.079066922405918305e+01
1.008559327174046771e+01
1.066274474025001062e+01
8.086382797497536856e+00
1.210354223883179259e+01
1.063927244917038983e+01
7.121300490265456418e+00
9.549658711950016254e+00
1.089067648272688693e+01
1.000541326795288199e+01
9.588061241188976069e+00
9.904096122203039698e+00
9.988656530139715883e+00
1.185269955720176327e+01
8.705747136132593766e+00
9.087812538250908290e+00
1.043263678614324341e+01
9.856782634558870271e+00
1.407216421191980160e+01
1.477050011282488562e+01
9.897852635699710078e+00
1.088166216244873752e+01
9.341583039458768667e+00
1.522765691048911663e+01
1.323297257500066593e+01
1.058679449729317135e+01
1.098547401386177924e+01
1.109951426844083322e+01
7.283458502248706168e+00
8.354042880279077821e+00
1.071901391408655080e+01
8.636874246127950627e+00
7.062125169175801354e+00
1.235045542531926266e+01
5.668694163310501466e+00
7.942498749382895795e+00
8.563937672520907540e+00
9.952903682629598237e+00
7.775202169754555470e+00
1.364445115433496092e+01
8.269040066321830196e+00
9.390222985258827038e+00
1.093423811472051277e+01
1.005340653844882048e+01
1.218256453435763120e+01
1.285835361048325609e+01
7.863641096341241976e+00
1.174983884399622447e+01
1.226385180189964075e+01
9.480367040813213464e+00
1.044992401682616823e+01
9.464361352119665227e+00
1.006243629327601674e+01
9.911971519274292319e+00
1.322092200034984444e+01
7.938864903743658274e+00
7.586259890581133369e+00
8.270042194742313058e+00
9.299928289811985493e+00
9.058879731231508359e+00
1.223777403203930270e+01
1.065559998640566519e+01
8.015244587449858571e+00
8.389750754407266697e+00
7.920993199577445409e+00
6.504382060877795801e+00
1.157745481319982872e+01
1.137755921737119280e+01
1.049450224497467232e+01
1.075406920690023149e+01
1.341070023874219608e+01
1.079024361026664991e+01
8.307975308163568329e+00
9.437464046763349046e+00
1.008777388285533938e+01
1.291734277261545749e+01
9.985912446668042008e+00
9.553544389863692032e+00
5.832085002377469074e+00
1.023333243395704883e+01
1.309264640853747785e+01
1.086594834565498680e+01
1.145882934651553064e+01
1.285640490456200169e+01
8.448241011764961783e+00
8.213966436702138552e+00
1.018471508663650837e+01
1.322097898144589934e+01
1.057139394538097577e+01
1.004958200584022343e+01
1.044147597552625761e+01
1.056371753390795831e+01
1.063310766860851686e+01
7.921284894643189745e+00
1.032994232868294482e+01
9.388869649728091460e+00
9.600341997813911732e+00
1.339690687358183929e+01
1.063711765206917015e+01
7.657938868737221405e+00
1.403910726644424933e+01
1.067880745645973306e+01
9.910099390926211171e+00
8.204526408900337131e+00
9.598433189240418884e+00
8.256902291346339240e+00
1.129157075919177622e+01
1.235334859086048453e+01
1.090189440737194282e+01
1.272740187194516714e+01
9.886508913181831559e+00
1.204516933018459568e+01
1.030107273550101787e+01
1.153253408460057905e+01
1.257822155952522891e+01
8.629263099089909517e+00
1.020096903905684016e+01
1.042084748240917946e+01
9.935431620561313792e+00
1.013508267331834745e+01
1.019545560609617851e+01
8.025098172449629530e+00
9.396099940776348802e+00
7.831230279748245593e+00
1.108747698134984105e+01
9.203930030022522857e+00
1.186697177711265105e+01
8.763921805109291086e+00
1.310562750726356818e+01
1.115743180402376922e+01
7.293048813188248936e+00
5.745987217667773983e+00
9.266841828553063820e+00
1.000781457994044388e+01
1.058959804551499317e+01
1.214790370330035429e+01
9.690990525264520983e+00
1.277464334357675568e+01
1.020241907019425298e+01
9.808580479548700382e+00
9.479304983642995452e+00
1.235347793568023178e+01
1.100494440866466661e+01
1.236658666431022979e+01
7.765270999066744118e+00
1.166154909478745161e+01
9.695448087028312401e+00
8.315703056226981360e+00
1.161882498777240791e+01
1.020961403859726602e+01
8.907132708812884658e+00
1.045565831284797298e+01
1.198871327785805363e+01
1.124851392067829714e+01
1.168529263277522645e+01
7.795898742118398062e+00
6.448942734558129608e+00
1.070529006433851471e+01
9.966045491733940054e+00
7.958149648786103647e+00
1.158708252652374604e+01
9.419438455338154270e+00
1.309606013885129805e+01
1.133218374526573413e+01
6.732776205931821245e+00
3.233576086957862472e+00
1.344074277886507929e+01
9.045326619684736613e+00
1.037762250856807889e+01
1.022110962748847385e+01
1.107371185162313232e+01
1.357335420907535983e+01
9.845160034711577524e+00
6.700723980406360525e+00
1.180035688659192950e+01
9.959235814597670711e+00
1.141254234252090427e+01
9.097868553962484839e+00
9.027386391840600766e+00
8.033205668078668538e+00
1.229013926115105804e+01
1.058899794647053305e+01
7.139569456165506978e+00
8.030046110106097146e+00
1.115939349762326671e+01
1.407583361598996063e+01
1.276398522980607808e+01
8.989696997848746207e+00
1.028681800989192752e+01
9.406196823767075443e+00
6.877638194610456779e+00
8.372744060328811244e+00
9.982941806009430152e+00
1.253333402237291416e+01
9.997533847771379101e+00
8.064466108743639339e+00
1.011300072370236158e+01
8.753239141197905582e+00
8.309698435182891529e+00
8.999985584474000433e+00
7.925815328699009399e+00
5.149798881540557538e+00
8.932849767983986666e+00
7.838866165694720500e+00
1.031191288944926399e+01
1.440810509513970317e+01
1.109384083850004821e+01
1.106482557997215999e+01
8.618724068003329464e+00
1.219246616378764791e+01
1.028640520397543945e+01
9.173862743953945298e+00
1.086133908953141436e+01
1.014423650128869347e+01
1.366509518181987559e+01
1.107148792199206611e+01
1.188572823130893319e+01
1.130728626124619218e+01
8.912078492721105860e+00
1.554130006237854644e+01
8.041069090567440014e+00
1.216102160955523104e+01
1.094420722819953085e+01
8.415086890441090262e+00
8.645839152442558628e+00
1.356358042221621218e+01
9.152537606186653463e+00
8.882109954955884845e+00
1.041795188310816123e+01
9.207507474459394103e+00
8.357770218149822128e+00
1.120121596910032302e+01
1.005184148552373280e+01
1.262366287016085842e+01
1.039641107688928656e+01
1.054126257310404391e+01
1.151487281235007565e+01
8.551423436717236370e+00
8.587897962259596341e+00
9.817268919930297599e+00
1.011320025317760063e+01
1.100130177138223608e+01
1.164883007610609411e+01
9.533108884506516389e+00
9.934295961558111898e+00
8.096838749487867304e+00
1.205049944774017590e+01
1.012179960708276916e+01
7.784045385241576298e+00
1.069497423011766379e+01
9.749801553669922072e+00
9.109756513850303605e+00
1.092377843568086782e+01
1.190003927249568605e+01
9.067949034151963517e+00
8.436332882735403160e+00
1.088287579607201039e+01
1.031651294723450540e+01
1.305915019144776501e+01
1.046478493719492420e+01
8.770370518041247010e+00
1.307452125498963902e+01
8.585321133401954796e+00
1.053226568749727221e+01
1.102626652709801114e+01
9.794539558048519723e+00
1.354847264099466031e+01
1.118261471581593014e+01
7.828053600124465383e+00
4.438517179252790434e+00
1.121882553633015611e+01
8.644436591051722019e+00
7.025419949787742091e+00
9.609200422439410971e+00
1.078395684971410162e+01
7.812135618259490322e+00
7.679856509183441204e+00
1.164910279869033083e+01
6.456721890728321256e+00
9.092816443821744699e+00
1.077416710634015118e+01
6.288184098681914413e+00
1.009762151035243960e+01
1.132734796861817195e+01
9.439119982261358288e+00
6.887334452829838582e+00
1.058751644526860147e+01
8.054280801898485720e+00
1.053131896012722812e+01
1.457283256205318622e+01
7.621533508009996183e+00
1.097946272476241347e+01
7.759902384432344924e+00
8.742677000283604727e+00
9.319414574422504316e+00
1.081148811326813330e+01
7.165011509252712685e+00
1.185439098314581585e+01
7.965066788301669476e+00
9.013317926935712876e+00
1.035668444983588365e+01
9.149507300882905980e+00
1.167945824894418649e+01
1.110432952918683114e+01
6.111480543920221997e+00
1.262097998598052762e+01
8.608170298955407418e+00
8.452337284497472680e+00
1.185027903066735533e+01
1.094168499135315997e+01
1.117057801689335328e+01
1.158448041432852627e+01
6.743159043876091552e+00
9.300452128935912555e+00
1.132597348062891207e+01
1.131069107866177781e+01
1.259272874568339162e+01
1.225536309521058520e+01
9.554839184988749068e+00
9.741301871910744481e+00
9.590187384024215334e+00
1.138874250374072794e+01
1.139797586589995859e+01
9.244741754723058591e+00
8.563328404185153175e+00
1.133410795541903759e+01
9.446056966999860194e+00
6.449926425313512901e+00
1.165716836883018992e+01
9.093570131915255317e+00
1.061470143932138477e+01
9.976483683838237582e+00
1.212689635484206896e+01
1.144297281436962166e+01
1.122519516673751383e+01
1.028365448965291407e+01
7.598881917080563042e+00
1.195363088567651921e+01
7.971552749270784943e+00
1.032395695257798707e+01
1.175223616336644028e+01
1.266714725311549294e+01
1.408810008628359611e+01
7.923603692699856538e+00
1.168294187113707849e+01
1.250231375411289569e+01
1.179552317823035246e+01
7.801170334145146157e+00
8.374288765405637491e+00
8.649393200777726776e+00
9.604221486993893109e+00
1.320717565081763212e+01
1.250464975494001152e+01
1.007798351684316174e+01
8.166000910223583986e+00
9.079405684187161540e+00
1.212665274337562593e+01
1.110554951418451708e+01
6.030546386891093569e+00
1.138277312193534030e+01
1.051110053089289131e+01
1.078198094902653636e+01
7.521430235537350129e+00
1.074215210620807426e+01
1.081557634502135556e+01
9.558888347261653706e+00
1.131376112332523931e+01
1.025843584481902404e+01
9.682539844116309524e+00
9.021916122201915300e+00
1.046467249436248181e+01
1.029195484117096449e+01
1.028231128346686063e+01
9.664459958584254551e+00
7.830145741939571025e+00
8.018261300158163962e+00
8.626024026326797767e+00
1.196488934826489725e+01
1.311624443968509368e+01
1.054105555112057857e+01
1.106943328640821633e+01
9.957186897853389951e+00
7.400165087254844565e+00
1.284263356852321181e+01
1.247990214348989113e+01
7.726181748099101299e+00
1.037239786443173628e+01
1.297528763638053562e+01
9.107623538617534820e+00
8.052274667182967249e+00
9.114381828229959126e+00
7.053264870224113636e+00
1.228888741903648807e+01
1.107107811426245547e+01
8.572652954232960809e+00
1.357190695626943189e+01
6.876318862711817914e+00
9.078782181375096627e+00
1.034903034044964087e+01
8.880028193414533533e+00
1.514336539467159781e+01
1.130104831071944815e+01
7.367516615562483828e+00
1.175119554338577821e+01
1.044530939680585924e+01
1.101488216727815761e+01
1.092167401840582031e+01
1.222518893601939105e+01
1.181215557735947641e+01
8.091923437874676495e+00
7.761946256264700139e+00
7.133400832043385265e+00
8.893030463770459804e+00
1.104071741019770414e+01
7.496626160889691803e+00
7.567726094629877664e+00
8.766611946074988282e+00
1.022733855552950999e+01
1.116967479001441887e+01
1.099804625316700069e+01
1.213958642223338913e+01
8.850600732473836274e+00
8.444557594494874309e+00
9.696116379038718591e+00
7.238565799597555639e+00
1.132119733468176470e+01
9.576521144832675247e+00
8.951853636722603369e+00
1.237043925234544162e+01
8.853860701593575300e+00
7.175029695736267144e+00
8.003856241581788211e+00
1.011454102970417779e+01
7.266843490617750589e+00
8.882260523560027821e+00
1.226358671668147338e+01
9.385082618733701310e+00
7.509142504540500695e+00
1.049682180820688515e+01
8.287416375588049888e+00
1.372387804137338030e+01
9.080382053746983928e+00
1.068133454226991397e+01
1.105425147248783802e+01
9.354534941477362864e+00
9.938998069573605321e+00
7.503236878232604212e+00
1.128632332826552265e+01
4.059616345933720005e+00
1.228689554161372399e+01
1.005060117222199523e+01
1.170404993196300936e+01
8.839393486109829112e+00
1.106112014421047363e+01
6.732108721571428589e+00
9.907871456153714007e+00
8.692841876787257505e+00
1.150277433040535513e+01
9.240183902632159274e+00
1.291836464180375543e+01
9.125952378839599533e+00
1.001366842245456645e+01
9.350304328216624938e+00
9.334258378951235002e+00
9.031842088720788198e+00
1.041343918592703233e+01
9.833312073179831359e+00
8.432438300844523837e+00
8.255741558166864280e+00
8.645968575807874146e+00
8.114501627182301391e+00
1.087020660600364508e+01
9.765915346573301292e+00
1.218750694017147929e+01
1.190836703172615252e+01
1.113275324615333339e+01
9.204614193430705527e+00
1.076113304979379848e+01
9.783868078091456866e+00
7.684106091386299298e+00
8.863229924557934680e+00
1.067416082123427756e+01
9.484419876128150406e+00
6.483422798884150851e+00
6.905600391897482204e+00
6.867322297528232866e+00
9.790264898756403156e+00
1.411725021475039021e+01
1.074234601793783206e+01
1.314742191106377156e+01
8.848535327640533410e+00
9.758928252978256168e+00
1.048032546589803893e+01
1.025052430434866046e+01
8.976857642062016751e+00
1.132398072772774000e+01
1.191450141641031557e+01
1.150761763322929632e+01
1.205542337265140063e+01
8.373355760759851663e+00
1.144390909386520683e+01
1.238442745534265121e+01
1.294447586046448428e+01
1.176298319304360795e+01
9.456134343408702847e+00
9.418312323121558194e+00
1.370000807588878722e+01
1.053775127637732645e+01
1.254999617220229169e+01
1.027913992310543456e+01
8.548062584267555053e+00
9.022768441399183104e+00
1.131949062116563631e+01
6.738504557997844202e+00
9.225768503426532874e+00
1.483500676318800515e+01
8.957958123985601873e+00
1.029471182556470055e+01
9.622009666775976910e+00
9.002569181129272735e+00
1.008493526344885893e+01
1.131051707978058118e+01
8.576935053194832292e+00
9.716546188935945239e+00
9.943132366114312504e+00
1.146425143249465251e+01
9.871709371214448581e+00
7.791366763111549076e+00
1.010335765460035340e+01
1.225394265693775608e+01
8.647067894220000994e+00
8.215475059522074019e+00
1.021377950530721179e+01
1.001066575208871612e+01
8.683419083953024753e+00
1.083354031391814232e+01
1.081597540354549558e+01
1.024817238385294615e+01
8.060884690517127638e+00
1.495738059282574284e+01
8.573849518307969930e+00
1.192082469153951862e+01
1.026746317741582537e+01
1.201543368832414416e+01
1.189843086093629765e+01
8.795024267716017974e+00
9.293221294188992232e+00
8.448919164724625119e+00
1.121474464696320439e+01
6.587392161218524222e+00
1.367333276832509092e+01
8.867418868252219255e+00
6.035261103396248217e+00
1.073675720273605805e+01
1.231066692183080491e+01
1.140361885092739236e+01
9.072836018062282903e+00
9.058634438698158320e+00
9.741305542101494908e+00
6.242137864345364662e+00
8.544197885688014082e+00
6.552476752696372309e+00
8.255526079247108129e+00
7.840719963270865733e+00
8.497703316803997708e+00
1.080149860808767492e+01
1.174143163214760044e+01
9.013218414854307525e+00
1.026457985944906426e+01
1.074735194740157773e+01
1.363097891422618524e+01
1.176629472198530735e+01
7.136112075837854007e+00
1.088606478599714400e+01
1.024813892047431096e+01
1.043003022648480282e+01
8.564360773947436556e+00
9.188162265553188490e+00
7.711206455596300913e+00
7.969056827808874033e+00
1.237985015507977593e+01
1.197953264327825629e+01
8.091282338518276163e+00
1.060324170473549721e+01
9.566819215576400026e+00
1.174441491633503709e+01
7.060360409235487467e+00
1.077284913974559188e+01
9.978994241913436980e+00
9.956626769411592193e+00
6.152256455964653981e+00
9.822739500763212561e+00
9.208524049268287825e+00
8.619035504190843966e+00
6.283619412600543797e+00
1.307594105070483792e+01
1.422320487614972606e+01
1.069070668771537136e+01
1.232939302847038121e+01
1.061497808797835773e+01
7.611267672986715027e+00
9.803514316120958583e+00
8.937558380963418259e+00
1.281602325185377644e+01
1.256192286832801308e+01
8.935317850720498001e+00
8.434258496096905589e+00
8.605197729473882617e+00
1.260519722290629474e+01
1.035826125637653661e+01
1.036356162295942696e+01
9.438707560989254119e+00
8.409875308679291450e+00
8.349365836876913249e+00
1.095326041638037751e+01
1.063764502433066639e+01
6.209666014017139801e+00
1.178146249151877356e+01
1.118320929814806064e+01
5.429957326499892822e+00
8.275591738508422779e+00
1.244892862766905850e+01
1.000219533391906701e+01
9.829639821975746372e+00
1.286489113523739469e+01
6.780230367764892740e+00
1.065993377535716746e+01
1.146800945711764896e+01
1.209803248095640527e+01
8.068625723642391279e+00
1.347832497855255340e+01
8.856670655387901547e+00
1.050683019519647488e+01
8.684135052258564968e+00
1.112000534211619396e+01
7.576939502123815728e+00
1.083819897276150357e+01
6.260935981359113001e+00
1.018619349736257007e+01
8.512227621317739690e+00
1.008451030738577181e+01
9.941009460349182092e+00
1.000862801029696136e+01
9.682496427753031654e+00
8.569189277685989481e+00
1.113761033651531562e+01
1.076404002567889862e+01
9.180416672263362443e+00
1.104470862155998923e+01
8.782743785929261193e+00
8.383011406640692442e+00
8.871403149266532395e+00
1.156990090619474820e+01
8.376605513695661642e+00
1.071207348202394982e+01
1.034070124288063752e+01
1.329102181276037342e+01
9.799673083861847545e+00
9.734594200747897830e+00
1.093527893905739035e+01
9.928887059331799492e+00
1.247110145155697580e+01
7.707880562326006491e+00
7.969065631688312834e+00
1.384498955889881699e+01
1.066443716337752079e+01
1.134087246256193104e+01
9.163110280836864519e+00
1.220899627481920646e+01
1.031615317752962468e+01
1.128904717917616018e+01
1.345031756218150498e+01
9.043950959170881987e+00
1.094828984557598517e+01
7.585980139028404068e+00
1.276757409629084883e+01
8.146529818735311679e+00
7.396329029580979153e+00
7.552772971239451572e+00
1.523026164694234375e+01
1.219285744631918256e+01
9.171050178082420956e+00
6.019695297210535756e+00
6.724668352956862272e+00
9.332707006431308017e+00
1.001602149373908546e+01
1.494039160134710365e+01
7.464498079599254154e+00
9.488217660788190955e+00
1.185335547151446711e+01
1.225770413781394019e+01
8.449856451769898413e+00
1.251628861521179559e+01
8.545713190233847456e+00
1.237280993133401985e+01
1.107378193019437695e+01
1.253646768692327740e+01
1.158014113757603702e+01
1.265677090922947912e+01
1.057423576268982401e+01
8.953469007043544536e+00
8.315402561892321742e+00
1.002022999005789394e+01
6.307459321400509467e+00
8.265976279442906360e+00
6.964391395160466125e+00
1.412012756596698537e+01
9.614790447771840221e+00
6.855526321251005584e+00
8.949615613885246290e+00
5.700910503497798487e+00
1.260528189247110475e+01
8.945030624614156878e+00
1.167084563102650563e+01
9.879030414401690052e+00
8.635835519413694428e+00
9.665936974497187251e+00
9.262185901372241403e+00
9.877150397028673368e+00
1.019141855586803302e+01
7.982865081954232167e+00
1.221465935841205486e+01
1.367343573608952489e+01
1.357634003595022776e+01
7.231173954361956646e+00
8.066491799118697514e+00
1.123115894159065675e+01
1.039494758282819653e+01
8.838350132827338612e+00
7.168568818152712296e+00
7.502755585929177684e+00
9.155928445662468107e+00
9.391270982426775049e+00
1.320833210798591750e+01
8.528339111722313959e+00
1.135252855177614606e+01
1.182972130557492640e+01
1.209894159071000352e+01
1.157567665555588121e+01
1.215691368465308209e+01
1.131051487005769118e+01
9.896321613781465132e+00
7.614354464705256120e+00
7.690195649189299765e+00
1.210723826916493095e+01
9.094555411388974164e+00
1.368422514694877989e+01
1.121783114819947968e+01
8.860387232240853450e+00
1.217074918722825849e+01
9.015261024568307135e+00
7.053598176465881053e+00
1.035608351007832795e+01
9.360615196757391843e+00
1.233441223244219032e+01
8.281747684165564394e+00
6.769499463491472468e+00
1.038180779695067635e+01
1.263494912475923471e+01
9.920057395220370111e+00
1.116094578530917403e+01
1.031043383194989183e+01
9.188057899135404938e+00
7.188393304798276873e+00
1.103662930867172065e+01
1.058523784431399406e+01
1.054878134280716040e+01
1.034716970535815150e+01
9.391148827537879384e+00
8.964114457916510403e+00
1.037856794729566978e+01
7.221290110090728298e+00
9.217648370757839160e+00
1.080163081783758905e+01
1.040709010666615164e+01
8.430422059674997470e+00
1.098345952371069778e+01
1.098726437884112883e+01
1.027279181965540822e+01
1.076665610556929487e+01
7.777330394160321347e+00
1.191518503409509577e+01
1.152330319418549109e+01
1.432895354488270456e+01
