2.355261485880925765e+00
3.507320600689457502e-01
7.434426223520408383e-01
2.173632913889472995e+00
2.681829518291735326e+00
-4.358490642393151315e-01
-4.457959001515179320e-01
1.581755283503777809e+00
2.716492663884361169e-01
-6.348459142752118645e-01
-8.977842449833177696e-01
-2.183205113411482934e+00
-2.764657570306010559e-01
1.100530301142838008e+00
-9.998582078986315569e-01
6.290721916957107140e-01
1.208429656366611482e+00
3.554127288814304730e+00
1.640550719790494938e+00
3.331165479097670801e+00
-1.153751112685518443e+00
-1.632306436015028783e+00
2.940177638845841379e+00
7.812787401640666207e-01
2.921519905934405692e+00
1.942048886954063081e-01
2.860334699661506441e+00
4.222673911299099636e-01
7.544726222782389691e-01
-5.405226800421187860e-01
9.175334209323408041e-01
4.110120600335808838e+00
1.492259386594880111e+00
1.139914867524951969e+00
1.017735227455812241e+00
3.428840590535583654e+00
1.060934686392908111e+00
2.867093102792562576e+00
-6.577626086763717073e-01
1.528254478478509704e+00
-1.582346538736079111e+00
8.875223029631923444e-01
3.856902926837787460e-01
7.038842936428828523e-01
4.636139313079251423e+00
4.652899892668570514e-01
1.343959266550253107e-01
8.042052261148238124e-01
1.440068331314594108e+00
1.568460409267203426e+00
2.440631032570869108e-01
4.466213860563178706e+00
1.804846661550948639e+00
1.850085782451587946e+00
-2.167522382109046131e+00
3.231518055833784597e+00
4.010697866904270548e+00
3.214123019769639100e+00
1.714206050286016136e+00
1.953411692324936277e+00
2.784436109259598169e+00
-2.577462420521763775e+00
1.015276673981074351e+00
2.380569723150141037e-01
-2.406012909143211864e+00
-2.010877847021402154e+00
7.110596800970216513e+00
2.312448988388801752e+00
2.739413965518885163e+00
-3.322119310273086157e-02
3.181101567010591324e+00
3.749512882830110083e+00
5.505158044519700145e-01
1.438142747541324207e+00
2.654163763722946712e+00
3.316628406204095381e+00
3.173208500295261913e+00
4.752268293560807377e-01
6.150976333407980334e+00
2.682648113540469392e+00
5.335505143878330081e+00
1.407975256331514657e+00
3.599390259732754505e+00
3.566849002782988887e+00
3.478644936331266813e+00
-2.474138854174930735e+00
5.279778338624502299e-01
-2.868474903877727744e+00
2.513645323734944537e+00
1.888867952153593155e+00
3.352742995158391803e+00
-9.349383084997375803e-01
2.244287422276975530e+00
5.253501600585226416e-01
2.393775598714138919e+00
-3.271893142593222947e-01
3.273079761735283810e+00
4.217190998935345547e+00
-7.974292903925803699e-01
1.263014519370963429e+00
1.351856652970472750e+00
-2.500630011359938898e-01
4.393194187529019246e-01
2.072401086122999114e+00
-2.070763069834037129e+00
9.785719700179547065e-01
4.042824265605457157e+00
-1.040016284153846726e+00
-8.133808785417169229e-01
2.813016873949336194e+00
1.520639454322609385e+00
1.443505003243514828e+00
-3.094690337412707493e+00
2.055031798701500989e-01
2.111746937299384896e+00
-1.170126722112390105e+00
1.278750943791765016e+00
3.548065403283543473e-01
1.073565844835191463e+00
1.072317607362481606e+00
3.162800014571193863e+00
3.245675219229016140e+00
1.175064682533774718e+00
-3.558516211710546884e+00
-2.469481666164059508e+00
2.749653419319975090e+00
1.023918953870249116e+00
1.406731141770772631e+00
-1.243680209143092519e+00
3.593583945588078254e+00
-1.048804332596513511e+00
-1.350311065878399663e+00
1.643604285153565936e+00
4.167017951627911998e+00
1.092256920413588128e+00
1.770118865196406599e+00
3.848915187371927393e-01
-3.081308534100912766e-02
2.456836578881568478e+00
2.328906371275978771e+00
3.756068717488647568e-01
1.604894858020745607e-01
2.613480749344537557e+00
5.615365314138891506e-01
4.088565163351472798e+00
3.265457726605368594e-01
2.924750926832272668e+00
3.358601234780411282e+00
6.588544243052325555e-01
3.683357135557209228e-01
4.075876615868801345e+00
9.068855880440822581e-01
3.284524859748791492e+00
-1.485602281046666473e+00
2.072816006148171297e+00
-1.072416091441710684e+00
-2.163529654577740491e-01
-2.458945007423740670e+00
2.846400416524018429e+00
8.125375223941574410e-01
1.934027343571903534e+00
1.631877785937442260e-01
-1.217342356595811914e+00
2.394273108250124515e+00
3.691351687262074854e+00
-9.989198982993880982e-01
-6.586208902632029183e-01
6.856304714593194349e-01
5.372038146932284874e+00
5.522306880007510355e-01
2.127549104584191220e+00
3.602981869153091488e+00
6.569943598154648345e-02
1.813999890466986287e+00
2.903410963915346699e+00
3.204716976061738443e+00
2.717691698603341699e-02
1.143342438985988307e+00
-1.788885184362306813e+00
-7.918580155567789269e-01
2.112255469593035784e+00
1.527079598828144036e+00
2.369458939102916606e+00
9.630830218283499278e-01
-1.330451046586443642e+00
4.840589226011715596e-02
1.467373847777754037e+00
-3.704798664938915298e-01
2.511542561477989821e+00
-3.531093794376993777e-01
-1.407777333163423350e+00
1.746563019329457900e+00
2.312226789945373451e+00
1.798009496757326797e+00
5.151658649138902923e+00
6.699674589455891782e-01
2.187686823615127452e+00
2.794738229463947565e+00
-4.443844164189135526e+00
3.350436905598659365e+00
3.522413385496758753e-01
2.469778491217470284e-01
-6.964328758133986330e-01
2.908090478893365916e-01
1.013087028860331307e+00
1.922738281813706207e+00
1.638580257344013136e+00
-1.073237826825745866e+00
1.211557271232202471e+00
1.333507663487661921e+00
1.018880551388155586e+00
1.975417796454856045e+00
1.702072690901913710e+00
-2.940136579225798741e+00
3.595640163253951638e+00
-2.041518266989033936e+00
2.400712547812215547e+00
2.121341810728094579e-01
-4.033882011678620927e+00
-2.218338332200055607e+00
2.613319213868450674e+00
-8.577275314717660581e-01
-1.194988105949395418e+00
6.346328167581188895e-01
1.187005347113062825e+00
-1.895710683309511424e+00
-6.950391014461043682e-03
3.541782905075768539e+00
4.341650423688841798e+00
4.737388071279324819e+00
7.759603064658243676e-01
4.101218478334017092e+00
2.661200425704514316e+00
5.548747213221492558e+00
4.791764466195126637e+00
5.415122973929044292e+00
1.347340897052541342e-01
2.693587714576030301e+00
9.960954617141212220e-01
-1.767187354484157424e+00
1.288721290243854067e+00
-2.562047589400020531e+00
-7.975496545488929279e-01
1.186358837236975550e+00
1.136210254744765891e+00
1.610368139299861223e+00
1.420937330918383701e-01
1.492523717734603350e+00
-7.038013905931839176e-01
2.117363111693435496e+00
1.916280160801339782e+00
4.564606634038147703e+00
2.088814576706173654e+00
-2.231730632745665410e+00
2.987596308779287391e+00
1.240582597723195901e+00
5.290997078060577508e-01
-2.213432819209863567e+00
1.246435784608094455e+00
1.221801330529253216e+00
-1.916300008977095626e+00
3.736022095730327841e+00
1.100859639544555568e+00
2.008999087985063881e+00
8.341504493168161449e-01
-5.028529554735754470e-01
2.138943980173380055e+00
1.506953240361467827e+00
5.191414814887880258e-01
4.799322470270547925e+00
1.045228756180998531e+00
4.860262716956351703e-01
-2.369634917625610182e+00
1.689056872226267769e+00
-4.461555242903989527e-01
-1.094480138194023677e+00
-2.802064575342790853e-01
3.609616978333299864e-01
1.546521468310980918e+00
8.228438170572607291e-01
-4.141650095964057865e-01
5.339652897752697136e+00
1.442201278223179006e+00
5.541917244899013939e-01
6.522903665718604582e-01
5.998189429666938022e-01
1.400020933548681290e+00
2.749297971699654397e+00
-2.710816657272896446e-01
-4.863236114206077598e-01
-1.654161883323942650e+00
1.787803736073380501e+00
2.214286410825009987e+00
1.717923895284676927e+00
2.205277756536743627e+00
-1.076782312535621511e+00
-7.950240501118492897e-01
2.416753522607564264e+00
4.975970278022799675e+00
-1.339570633256423893e+00
1.336359344959998197e+00
2.705412819331379115e+00
7.361593554477792178e-01
-9.034939669877675161e-01
3.105405995731458368e-02
-2.879787126746782278e-01
-1.385607536369013015e+00
-3.699223578216948027e-03
-8.654197134993946161e-01
3.591021165512658930e-01
-1.133342220450944904e+00
2.332072174368792439e+00
-3.424228020159368668e+00
4.676051611674733044e-01
-2.253829586367963156e+00
-6.039401677894458143e-01
3.618394479112423401e+00
-1.379457603190584081e+00
-2.123308613235730835e+00
8.873918331089194478e-01
3.177601113777909880e+00
9.304902361838659486e-01
-1.260099462997458453e+00
-5.795339358425832810e-01
5.609034691363687930e-01
-8.875653306599136094e-01
1.243717787402422781e+00
4.181936404472623714e-01
-3.157272729332076810e-01
-7.683074943289267544e-01
9.982806748460605339e-01
-1.187653837647847155e+00
-2.612398679702188087e+00
2.835647543450933172e-01
2.251035833735762104e+00
3.387454212000997167e+00
5.217790111491449778e+00
-6.892802699826041657e-01
-1.476162016640150121e+00
3.894830722981197368e-01
2.030315194671734158e+00
6.382868164311350512e-02
-3.525870821153276324e-02
3.417095661399215389e-01
-1.358798013006353500e+00
1.344034124275912623e+00
2.756270182956305215e-01
-1.862179208341895542e+00
3.687454457519495854e+00
2.634388955832403401e+00
3.386170928513817735e+00
2.236365606737400036e+00
2.134993863489254906e+00
2.246255113324897579e+00
1.220536594921169948e+00
-3.810731951544746643e+00
-1.537733265776939362e+00
1.468203045355722658e+00
1.305745944317400209e+00
-3.146345311408653700e+00
2.929385660302639138e-01
2.628995475700703466e+00
7.927332379230275228e-01
2.003477526257757990e+00
-8.949120348657155777e-01
2.483967380428113714e+00
-1.668773257969196511e+00
4.728041840551020059e+00
-1.890291150474587845e-02
3.830133472446488163e+00
6.633229165697864804e-01
6.205153142968165003e-01
5.565526657185917436e-01
-1.309703304137793012e+00
1.218213119306010839e-01
4.262663125468059144e-01
1.850955692608526881e+00
4.157318450077137628e-01
2.412681433525905916e+00
-4.373121135488009514e-01
-9.376305359537298045e-01
3.748234434358788114e+00
-1.075862221482573489e+00
1.997935479287437310e+00
1.070733113908782563e+00
1.504009811754981829e+00
-3.317268691928563662e+00
-8.371029530670592855e-02
5.371887616326211923e-01
3.178685305800543759e+00
3.106262550780506393e-01
1.689526251426776593e+00
1.081361478611200688e+00
6.859571237845540903e-02
-1.502257103942386873e+00
4.056421783089981803e-01
3.860571178154676986e-01
-2.452374534001894091e+00
2.340850013062349966e+00
1.727640652214399886e+00
5.957870759597136967e-01
1.503718522848155326e+00
-4.165413219545237578e-01
-4.289409949062163996e-01
7.155261386159819104e-01
2.895559410302172676e+00
1.816756412162522150e+00
3.324478405898873223e+00
9.365333639058435189e-01
1.928203727438714044e+00
-1.075533158426165592e+00
9.099902078915000914e-01
3.624021666904366779e+00
-1.033630288437755951e+00
2.296893031578656874e+00
-1.489537980647625215e+00
9.517877569003314608e-01
-1.370000596208072796e+00
-8.734588602548762903e-01
2.845404291132263452e+00
6.359659809017792487e-01
2.903442950152318680e+00
-1.285381612051926137e+00
1.611862232354402735e+00
-1.329366198953081390e-01
7.209921119597713091e-01
3.376217965036505397e+00
8.618712094206555374e-01
-3.104152167677087792e-01
-7.938028363707938517e-01
-1.807208485539708143e+00
1.004224739127734578e+00
9.527357371874320968e-01
-1.599939121237771378e+00
6.299991700981758314e+00
-9.038640089039133851e-01
2.823462884655929983e+00
3.057549523675152869e+00
1.625711264426988656e+00
1.123745528007900063e-01
-2.270324670082612961e-01
-2.605219986606400973e+00
2.927686702808725006e+00
-1.917607426857441677e+00
1.113687848750139819e+00
7.963559292840909354e-01
9.682957894465352711e-01
-7.930006865315510911e-01
-3.202756205707891546e+00
2.597682394967583797e+00
-1.891211776358307173e+00
1.215016879387465831e+00
3.156143015895951365e-02
2.108279151134006657e+00
2.808129758318812730e+00
-1.256932825326226855e+00
1.882432224791127373e-01
3.973683365747558316e+00
4.061512874425266872e+00
6.109228485814974796e-01
2.256390393213986378e+00
1.926700801715786948e+00
-3.238891742831402354e-01
-4.025679423663144352e-01
-1.691631224954316615e+00
-1.188336138334236569e+00
-2.254631269988682796e-01
5.958244152279867922e-01
-1.396190048561167796e+00
7.925344052166882758e-02
4.066121640440401919e+00
-2.049556089621017207e+00
-6.361896403294897695e-02
-2.168049307563311601e+00
-1.127043430727495910e+00
5.840051740238169087e-01
2.416461512952143842e+00
1.193164206498913860e+00
-3.843611357379836946e-01
3.662763853141780768e+00
2.788374920438833282e+00
2.790871564199717714e+00
2.278072702652733206e+00
-2.978518381894890155e-01
-5.865140159194512925e-01
2.913504786943293734e+00
7.742533626999090757e-01
3.070757579159979045e+00
1.213138542710570089e-01
-1.044986807627628078e-01
3.264256770692046672e+00
2.816491159176306436e-01
3.855326636103745042e+00
4.396135664782561125e-01
1.053826136700615868e+00
4.126325347990766446e+00
9.800842092866161037e-01
-4.109002416209629693e+00
-1.367292958332012365e+00
2.756306127772332193e+00
5.750522420831159387e+00
7.472031550749035356e-01
1.574919303835417006e+00
-9.106731366459630550e-02
-2.072325107379045850e+00
2.056640779492063142e+00
1.355967242030230002e+00
2.806116653313638576e+00
1.926960746851181794e-01
-5.135756289971427080e-03
-8.816089868974792410e-01
8.363036551728212364e-01
2.636832817625020198e+00
7.405294666293035233e-01
7.521742424163064822e-01
-8.274326230751380962e-01
7.330597581952820185e-01
-2.635914297187529343e-01
2.188874241122292119e+00
9.631401272194543006e-01
2.826322624004853346e+00
1.493146806897492240e+00
4.504171295496902871e+00
-5.202662807348341634e-01
-2.391510308582589062e+00
2.821019215532212243e-01
3.200739743736240150e+00
2.228146078857178303e+00
3.583408392144447063e+00
2.023367012106999319e+00
1.561071734654301268e-01
1.651159336808311728e+00
3.761782915353661494e+00
3.694987668339748677e-01
4.226557445365077825e+00
-9.142129090419692794e-02
-9.494617935418092625e-01
1.284870696804656376e+00
-4.657048757960216001e-01
1.017171912504491793e+00
4.245645860888079826e-01
4.170839679373917752e-01
9.603746976130789204e-02
-7.843942297569617139e-02
2.204904036230643349e+00
5.497957788288240222e-01
1.732260603325279869e+00
-3.734879124530443573e-01
1.562424143579823621e+00
2.890924097031539297e+00
3.586931231402480602e+00
9.700419680948487722e-01
1.931407166329757841e+00
1.447799333502105545e-01
5.180314297795384215e-01
-3.114050992354073788e-01
1.106752307006975800e+00
2.480236892212385413e+00
6.820090035435966147e-01
1.096171063449199012e+00
-1.323244758593176140e+00
1.549424939848918159e+00
-1.044682602260778470e+00
1.430429510447053909e+00
1.165984284573883478e+00
2.629974366013308806e+00
3.388203303186092530e-01
-2.760801990406650308e+00
-6.201649581725299232e-01
-1.159820795904642488e+00
8.356165378715578740e-01
-1.947481506918985250e+00
-2.705333461252121818e+00
1.795777744833589207e+00
3.931034679355442929e-01
-1.628052823730686605e+00
1.410676188402136377e+00
4.291102804459939746e-01
4.744373002258990280e-01
1.745274920241208338e+00
-1.237897753058920358e+00
7.182241006493461644e-01
2.699932538840227547e+00
-3.405798998768151620e+00
-2.473639050693003494e+00
1.689780821161611213e+00
8.264187261816970942e-01
2.745189056196939426e-01
1.970771393984488640e+00
2.614253238725386286e+00
-1.906274798542611393e+00
3.140584872009046347e+00
1.357764076488979565e+00
2.018213260773745077e+00
2.555426786122397154e+00
5.175906323154893407e+00
-1.212586906945865017e-01
1.139321580917689314e+00
3.199592888915658850e+00
2.820033782888486051e+00
-1.971579348812717125e+00
2.403753234291324592e+00
2.190242671550830966e+00
5.682024913051322734e+00
4.789993232890205066e-01
2.037512299488826173e+00
1.741469565274675224e+00
9.513757120577537307e-01
1.931026328693284722e+00
1.870007173939991496e+00
-5.599689099121885061e-01
5.874519497461837547e-01
2.025466147975603981e+00
3.071759501991476737e-01
3.798684097795577586e+00
-5.136844041731825072e-02
4.509823791336113885e+00
-9.587391994206770907e-01
1.055541389023332943e+00
6.849869819698944928e-01
-6.697882843058853286e-01
-1.019720994534636382e+00
-8.867095573472192349e-01
5.304626397221634093e+00
8.429535966888845877e-02
1.234883323912908892e+00
1.835645122921085726e+00
2.483733861784578334e+00
3.003973768901602170e-03
-1.594896468501736830e+00
3.179369642703685717e+00
1.747503713466254105e+00
1.637213575352006512e+00
2.748045034557862643e+00
2.583140075966064320e+00
3.453884099761950210e+00
-2.084397940333803323e+00
5.164313107762525945e+00
2.979687793494942838e+00
-2.760188141298874687e+00
1.983759551508803565e-01
3.096003280036009331e-01
2.021768480215120345e+00
2.131161261290460907e+00
-2.789648379462810190e-01
1.173126036106807657e+00
2.614847447269666780e+00
3.456157235182359067e+00
8.861481303053898584e-01
4.394502464865235325e+00
-6.645481200596885518e-01
-2.202482606321183312e-01
3.067115165905077045e+00
-2.547736757403462615e-01
-6.740781797438708534e-01
1.281835335158745259e-01
3.298364903842770257e+00
4.501861010672635999e+00
3.242285367713364952e+00
-2.509927268354031682e+00
3.408167226486428891e+00
2.639329169041099377e+00
1.801524062841932450e+00
9.002642157669425993e-01
2.261170091014520711e+00
2.249270720765939480e+00
2.169701544401172910e+00
1.333112676033081145e+00
3.291050706701098783e+00
5.259351813959995070e+00
4.091626343016966372e-01
-5.999556080438595007e-01
-6.086806755010014669e-01
4.654964299920747450e+00
1.582266986880058734e-01
7.643252672036326967e-01
3.210667447421163834e-01
2.185323032449629110e+00
-6.560989307970428452e-01
3.548458078583754283e+00
-1.551015228251238387e+00
3.049887348589702007e+00
1.309209793044112446e+00
-2.566231883240023492e+00
4.552674696687109446e+00
1.153903923672277454e+00
3.391476743149731021e+00
2.499954205167335353e+00
2.820701284042564261e+00
-2.645901695195393977e+00
-9.613008579605586412e-01
1.085854973472794027e+00
5.292896391883809670e+00
2.882175317815732107e+00
1.849842312510050268e+00
-6.726560020078740099e-01
3.806142955300388042e+00
1.543939154583150897e+00
4.461783525155325947e+00
4.485803358530662255e-01
4.034282301415965222e+00
2.254225386040420887e+00
4.421952607337058083e+00
2.444052876341928915e+00
-6.662382117257639180e-01
3.510882628735932265e+00
6.514587569201779615e-01
-1.728911829346702511e+00
2.223509976130912946e-01
2.616284260352602864e+00
1.977515289869584691e+00
1.759089173789784688e+00
-1.861176191814390979e-01
8.817932950537750170e-01
-5.498949896487825839e-01
1.054780701062508541e+00
-3.052547683800258760e+00
2.574976336705646851e+00
-4.521725680284682802e-01
4.015378652677308757e+00
-1.144568396857946091e+00
2.797090152493060256e-01
4.412395686951894325e-01
1.516263120431062816e+00
8.267101554800018182e-01
-4.237513461930332070e+00
8.497818593621441208e-01
1.708070580270385719e+00
-2.324777688643326012e+00
1.596514954548815979e+00
-1.152873977669295780e+00
-3.601230518955793602e-01
3.637991216024644814e+00
9.865769191609066180e-01
-1.362534227557417044e-01
1.543154968198822807e+00
-2.994751928094429250e+00
2.409592138096568803e+00
-1.717994949601323817e+00
-3.650291118781228139e-01
2.364832140363394952e+00
1.195073450755879119e+00
1.863534666123803252e+00
4.703986789015601744e+00
4.283174482253208071e-01
1.101462883485391231e+00
1.059615566769295247e-01
-2.008875003136426862e+00
5.756575452808883497e+00
-7.650073511013055771e-02
-2.599610248598630324e+00
3.872641185098185002e+00
1.832534621103824257e+00
-3.944512265539090734e+00
4.092521949822987892e+00
4.963692366339002682e+00
1.240674641869871975e+00
-3.101539369806999069e+00
2.795869920192756819e+00
3.651299526887449964e+00
-2.583737951394371457e+00
-8.138873396332209076e-01
2.695738186588131136e+00
1.736815012774688860e+00
4.862839928841611314e-01
9.788891546455341652e-01
4.850692245540463077e+00
-8.271460123048059998e-01
-1.701153888256842883e+00
3.492641161424432372e+00
1.351600816691554741e+00
2.569518500901718294e+00
1.886801229644889055e+00
5.399888981559153311e-02
-2.186466971463857156e+00
2.810930838841468216e+00
6.343485953214496043e-01
1.883773519178265410e+00
2.397490425947496728e+00
3.295601079654705057e+00
-1.494740568897686028e+00
-3.434122373189710586e+00
-2.769889517823807434e+00
2.050250346189210759e+00
2.069940505192272573e-01
9.379826895279673726e-01
2.338433699089440321e+00
2.066022795444272475e+00
2.447973242049691578e+00
-1.290827581664375945e+00
7.973843374838137654e-01
-3.342848572943739605e+00
2.438394123073249986e+00
6.004622400400427829e-02
3.355006588597083894e+00
5.647400797462986510e+00
-1.426715509673046167e+00
1.080093743901935355e+00
2.917780028743875320e+00
2.617952737898522120e+00
2.550518844472345892e-01
4.314648376929623552e+00
-1.407832036872852299e+00
-1.448626514184603753e+00
-1.227860726236262856e-01
-1.353265995055537019e+00
2.426101639538400079e+00
3.225222667518469422e+00
-6.907024324993062958e-01
8.701899972115588744e-01
3.621665210851801930e+00
2.417393296962899285e+00
3.024262994740678501e+00
4.747963720499101647e+00
-8.612243426147248027e-01
-2.128279083417118578e+00
-9.539901495440445967e-01
1.594687864662549526e-01
1.595102022441705625e+00
-4.016750426100388349e-01
1.320223163587991300e+00
-1.675064005678117862e+00
2.130253805423955704e+00
-4.974482297967202094e-01
3.416845269584442235e+00
2.216748539528260675e+00
1.271715709323683718e+00
2.536106771099977397e-02
8.294973031238876970e-01
1.066042657033447361e+00
3.011313992605080259e-01
1.314608889051632756e-01
-1.157563749015741550e+00
-3.923885719997352695e+00
2.369389397382954954e+00
-2.904208100339564336e+00
-1.718579126850650063e-02
9.462680008705974810e-01
-3.697242424311542486e+00
-2.355399760556342592e-01
9.983447955267592544e-01
4.734032281490161864e+00
1.435836029291262195e+00
1.726528950797594941e+00
1.689101204065294404e+00
9.967270216687655893e-01
1.285538441716600033e+00
-7.847945228556580943e-01
2.781057351554249157e-01
2.244874305886893850e+00
1.278463660627997545e+00
8.108308478441617062e-01
-1.185312869222021614e-01
-1.407752892348310692e-01
5.384089492206065586e+00
1.498808606027667301e+00
2.888544691462689329e+00
3.672318475643590929e+00
9.091350230002368527e-01
7.217143056950696689e-01
2.484076043977946568e+00
9.390696985324538115e-01
-1.942414209179342599e+00
2.897853940835476649e+00
2.269955896740422752e+00
-5.478653562725226411e-01
3.227648998624223164e+00
3.772153557099645615e-01
2.006720773369560007e+00
4.199909933136832807e-01
1.531542884998558840e+00
1.006311708338039290e+00
-1.093517586667414054e+00
2.553238712240210706e+00
-3.567830014515272374e+00
-1.865422562136283435e+00
7.634182962463494926e-01
4.829438480505089393e-01
2.967743914998767885e+00
-9.718212621225392756e-01
1.678092032187053828e+00
-6.459502299024566518e-01
2.015460014406144751e+00
1.873572150387724289e+00
5.182267817904490093e-01
9.554289953105398192e-01
2.070157442538867798e+00
4.173937502774171193e+00
1.703956861176408655e+00
1.182738216085298610e+00
1.284632242211265041e+00
3.330402146449341849e+00
2.356721234737805482e+00
1.108018059594077398e+00
-6.075765982207275151e-01
9.387545978576830041e-01
1.797860789568224593e+00
-1.265012290279974305e+00
4.301812940001381591e-02
-1.844301896057902734e-01
3.137274428672791160e+00
1.494017606273575716e+00
3.138885992341015285e+00
2.895524744892433722e-01
3.444599370885816469e+00
2.916377366026881468e+00
1.691017612081675558e+00
1.754854578730717485e+00
-7.283297844016451972e-01
1.635037610911727057e+00
9.028981910307716241e-01
2.370511384879872896e+00
5.829235647089562988e+00
-1.161863915470751518e+00
-2.741851832395450383e+00
-1.013883837282284706e+00
1.250946013411719626e+00
8.367059770117294404e-01
-2.236176788268940729e+00
-5.416279761025744044e-02
-1.591725172115530995e+00
1.004381869481588252e+00
7.495896930873164887e-01
-2.329925415071055550e+00
1.617396237289629335e+00
-1.028852714213045694e+00
4.463764099393173979e+00
2.290550453026504840e+00
-1.852110240874305092e-01
2.267720596028154567e+00
-2.599847924494966378e+00
3.019938369577083392e+00
7.996578241094427497e-01
2.711587533476521372e+00
1.309268437514023997e-01
7.169471177896671321e-01
2.752683821485037985e+00
2.115203574116750307e+00
-4.974320334632096330e-01
1.031418627597485926e+00
1.709887602522843331e+00
2.127960217545139088e+00
1.443298949474800974e+00
1.771340314833644403e+00
1.634809966969113182e+00
1.331325769252952318e-01
1.829236948655810213e-01
-1.052608396260550805e+00
-1.732764526685766082e+00
2.966000398476108302e+00
-3.256365774197987228e+00
9.482072982244613701e-01
2.167589842739796602e+00
4.575404037347737818e-01
-2.200110148291662959e-01
-3.009797223711901282e+00
1.334095868373382121e+00
3.478428375632639735e+00
3.425124929941544050e+00
-8.176534560984123345e-01
3.257983580737939366e+00
2.264663014844765954e+00
7.284945253148981115e-01
-3.796866704410353233e-01
-3.320473762079385605e-01
-1.637515205674711094e+00
2.839650989157131988e-01
1.993348796030963710e-01
2.086899584371966210e+00
1.928311892039961339e+00
2.318056406790620638e+00
2.180941820980471402e+00
2.718983884319402300e+00
-4.642254432368631001e-02
1.177427933154502560e+00
5.141973254728676501e+00
2.085718722335850206e+00
6.576572435856873344e-01
1.518640463464499657e+00
-4.986984011043951170e-01
-2.261265481871961747e+00
4.347932179901339289e-01
6.469339194097563084e-01
-2.239858705236653424e+00
-2.194031271295397545e+00
4.945508280647954891e+00
2.820412319446451654e+00
-1.176960310590124070e+00
1.825083856902994350e+00
1.211765024076661756e+00
1.489857746920303372e+00
2.332813047491140601e+00
1.949685984288652918e+00
-2.007269760885906251e+00
8.687092082882252875e-02
2.900550290280258015e+00
4.746816332878857736e+00
1.319204435030258082e+00
1.491431403335442774e+00
-7.960159007878118143e-01
