-------------------RandomForestClassifier----------------------
              precision    recall  f1-score   support

           1       0.39      0.39      0.39      2664
           2       0.11      0.08      0.09       260
           3       0.15      0.08      0.11       225
           4       0.13      0.09      0.11       123
           5       0.21      0.13      0.16       608
           6       0.12      0.08      0.10       269
           7       0.14      0.07      0.09       387
           8       0.14      0.10      0.12       671
           9       0.20      0.13      0.16       720
          10       0.77      0.84      0.80     13573

    accuracy                           0.65     19500
   macro avg       0.24      0.20      0.21     19500
weighted avg       0.62      0.65      0.63     19500

-------------------GradientBoostingClassifier----------------------
              precision    recall  f1-score   support

           1       0.39      0.35      0.37      2664
           2       0.03      0.12      0.05       260
           3       0.03      0.17      0.05       225
           4       0.02      0.20      0.03       123
           5       0.11      0.17      0.13       608
           6       0.03      0.13      0.05       269
           7       0.04      0.15      0.06       387
           8       0.07      0.15      0.09       671
           9       0.09      0.26      0.13       720
          10       0.84      0.39      0.53     13573

    accuracy                           0.35     19500
   macro avg       0.16      0.21      0.15     19500
weighted avg       0.65      0.35      0.44     19500

-------------------LogisticRegression----------------------
              precision    recall  f1-score   support

           1       0.35      0.37      0.36      2664
           2       0.03      0.09      0.04       260
           3       0.02      0.11      0.03       225
           4       0.02      0.30      0.03       123
           5       0.04      0.03      0.03       608
           6       0.01      0.06      0.02       269
           7       0.02      0.08      0.03       387
           8       0.04      0.06      0.05       671
           9       0.06      0.26      0.10       720
          10       0.84      0.29      0.44     13573

    accuracy                           0.27     19500
   macro avg       0.14      0.16      0.11     19500
weighted avg       0.64      0.27      0.36     19500